1	0
10	1
100	2
1000	3
1001	4
1002	5
1003	6
1004	7
1005	8
1006	9
1007	10
1009	11
101	12
1011	13
1012	14
1014	15
1015	16
1016	17
1017	18
1018	19
1019	20
102	21
1020	22
1021	23
1022	24
1023	25
1024	26
1025	27
1026	28
1027	29
1028	30
1029	31
103	32
1030	33
1031	34
1032	35
1033	36
1034	37
1035	38
1036	39
1037	40
1038	41
1039	42
104	43
1040	44
1041	45
1042	46
1043	47
1044	48
1045	49
1046	50
1047	51
1048	52
1049	53
105	54
1050	55
1052	56
1054	57
1055	58
1056	59
1057	60
1059	61
106	62
1060	63
1061	64
1062	65
1063	66
1064	67
1066	68
1067	69
1068	70
1069	71
107	72
1070	73
1071	74
1072	75
1073	76
1074	77
1075	78
1076	79
1077	80
1078	81
1079	82
108	83
1080	84
1081	85
1084	86
1085	87
1086	88
1087	89
1088	90
1089	91
109	92
1090	93
1091	94
1092	95
1093	96
1096	97
1097	98
1098	99
1099	100
11	101
110	102
1100	103
1101	104
1102	105
1103	106
1104	107
1105	108
1106	109
1107	110
1108	111
1109	112
111	113
1110	114
1111	115
1114	116
1115	117
1116	118
1117	119
1118	120
1119	121
112	122
1120	123
1121	124
1122	125
1123	126
1124	127
1125	128
1127	129
1128	130
1129	131
113	132
1130	133
1131	134
1132	135
1133	136
1134	137
1135	138
1137	139
1138	140
1139	141
114	142
1140	143
1141	144
1142	145
1143	146
1144	147
1145	148
1146	149
1147	150
1148	151
1149	152
115	153
1150	154
1151	155
1152	156
1153	157
1154	158
1155	159
1156	160
1157	161
1158	162
1159	163
116	164
1160	165
1161	166
1162	167
1163	168
1164	169
1165	170
1166	171
1167	172
1168	173
1169	174
117	175
1170	176
1171	177
1172	178
1173	179
1174	180
1175	181
1176	182
1177	183
1178	184
1179	185
118	186
1180	187
1181	188
1182	189
1183	190
1184	191
1185	192
1186	193
1187	194
1188	195
1189	196
119	197
1190	198
1191	199
1192	200
1193	201
1194	202
1195	203
1196	204
1197	205
1198	206
1199	207
12	208
120	209
1200	210
1201	211
1202	212
1203	213
1204	214
1205	215
1206	216
1207	217
1208	218
1209	219
121	220
1210	221
1211	222
1212	223
1213	224
1214	225
1215	226
1216	227
1217	228
1218	229
1219	230
122	231
1220	232
1221	233
1222	234
1223	235
1224	236
1225	237
1226	238
1227	239
1228	240
1229	241
123	242
1230	243
1231	244
1232	245
1233	246
1234	247
1235	248
1236	249
1237	250
1238	251
1239	252
124	253
1240	254
1241	255
1242	256
1243	257
1244	258
1245	259
1246	260
1247	261
1248	262
1249	263
125	264
1250	265
1251	266
1252	267
1253	268
1254	269
1255	270
1256	271
1257	272
1258	273
126	274
1260	275
1261	276
1262	277
1263	278
1264	279
1265	280
1266	281
1267	282
1268	283
1269	284
127	285
1270	286
1271	287
1272	288
1273	289
1274	290
1275	291
1276	292
1277	293
1278	294
1279	295
1280	296
1281	297
1282	298
1283	299
1284	300
1285	301
1286	302
1287	303
1288	304
1289	305
129	306
1290	307
1291	308
1294	309
1295	310
1296	311
1298	312
1299	313
13	314
130	315
1300	316
1301	317
1302	318
1303	319
1304	320
1305	321
1306	322
1307	323
1308	324
1309	325
131	326
1310	327
1311	328
1312	329
1313	330
1314	331
1315	332
1316	333
1317	334
1318	335
1319	336
132	337
1320	338
1321	339
1322	340
1323	341
1324	342
1325	343
1326	344
1327	345
1328	346
1329	347
133	348
1330	349
1331	350
1333	351
1334	352
1335	353
1337	354
1338	355
1339	356
134	357
1340	358
1341	359
1342	360
1343	361
1344	362
1345	363
1346	364
1347	365
1348	366
1349	367
135	368
1351	369
1352	370
1353	371
1354	372
1355	373
1356	374
1357	375
1358	376
1359	377
136	378
1360	379
1362	380
1363	381
1364	382
1365	383
1366	384
1367	385
1368	386
1369	387
137	388
1370	389
1371	390
1372	391
1373	392
1374	393
1375	394
1376	395
1377	396
1378	397
1379	398
138	399
1380	400
1381	401
1382	402
1383	403
1384	404
1385	405
1386	406
1387	407
1388	408
1389	409
139	410
1390	411
1391	412
1392	413
1393	414
1394	415
1395	416
1396	417
1397	418
1398	419
1399	420
14	421
140	422
1400	423
1401	424
1402	425
1403	426
1405	427
1406	428
1407	429
1408	430
1409	431
141	432
1410	433
1411	434
1412	435
1413	436
1414	437
1415	438
1417	439
1418	440
1419	441
142	442
1420	443
1422	444
1423	445
1424	446
1425	447
1426	448
1427	449
1428	450
1429	451
143	452
1430	453
1431	454
1432	455
1433	456
1434	457
1435	458
1436	459
1437	460
1438	461
1439	462
144	463
1440	464
1441	465
1442	466
1444	467
1445	468
1447	469
1448	470
1449	471
145	472
1450	473
1451	474
1452	475
1453	476
1454	477
1455	478
1456	479
1457	480
1458	481
1459	482
146	483
1460	484
1461	485
1462	486
1463	487
1464	488
1465	489
1466	490
1467	491
1468	492
1469	493
147	494
1470	495
1471	496
1472	497
1473	498
1474	499
1475	500
1476	501
1477	502
1478	503
1479	504
148	505
1480	506
1481	507
1482	508
1483	509
1484	510
1485	511
1486	512
1487	513
1488	514
1489	515
149	516
1490	517
1491	518
1492	519
1493	520
1494	521
1495	522
1496	523
1497	524
1498	525
1499	526
15	527
150	528
1500	529
1501	530
1502	531
1503	532
1505	533
1506	534
1507	535
1508	536
151	537
1510	538
1511	539
1512	540
1513	541
1514	542
1515	543
1516	544
1517	545
1518	546
1519	547
152	548
1520	549
1521	550
1522	551
1523	552
1524	553
1525	554
1526	555
1527	556
1528	557
1529	558
153	559
1530	560
1531	561
1532	562
1533	563
1534	564
1535	565
1536	566
1537	567
1538	568
1539	569
154	570
1542	571
1543	572
1545	573
1546	574
1547	575
1548	576
1549	577
155	578
1550	579
1551	580
1552	581
1554	582
1556	583
1557	584
1559	585
156	586
1560	587
1561	588
1562	589
1563	590
1564	591
1565	592
1566	593
1567	594
1568	595
1569	596
157	597
1570	598
1571	599
1572	600
1573	601
1574	602
1575	603
1576	604
1577	605
1578	606
1579	607
158	608
1580	609
1581	610
1582	611
1583	612
1584	613
1585	614
1586	615
1588	616
1589	617
159	618
1590	619
1592	620
1593	621
1594	622
1595	623
1596	624
1598	625
1599	626
16	627
160	628
1601	629
1602	630
1603	631
1604	632
1607	633
1608	634
1609	635
161	636
1610	637
1611	638
1612	639
1613	640
1614	641
1615	642
1616	643
1617	644
1618	645
1619	646
162	647
1620	648
1621	649
1622	650
1623	651
1625	652
1626	653
1627	654
1628	655
163	656
1630	657
1631	658
1632	659
1633	660
1634	661
1635	662
1636	663
1637	664
1638	665
1639	666
164	667
1640	668
1641	669
1642	670
1643	671
1644	672
1645	673
1646	674
1647	675
1648	676
1649	677
165	678
1650	679
1651	680
1653	681
1654	682
1655	683
1656	684
1657	685
1658	686
1659	687
166	688
1660	689
1661	690
1662	691
1663	692
1664	693
1665	694
1666	695
1667	696
1668	697
1669	698
1670	699
1671	700
1672	701
1673	702
1674	703
1675	704
1676	705
1677	706
1678	707
1679	708
168	709
1680	710
1681	711
1682	712
1683	713
1684	714
1686	715
1689	716
169	717
1690	718
1691	719
1692	720
1693	721
1695	722
1696	723
1697	724
1698	725
1699	726
17	727
170	728
1700	729
1701	730
1702	731
1703	732
1704	733
1705	734
1706	735
1707	736
1708	737
1709	738
171	739
1710	740
1712	741
1713	742
1714	743
1715	744
1716	745
1717	746
1718	747
1719	748
172	749
1720	750
1721	751
1722	752
1723	753
1724	754
1725	755
1726	756
1727	757
1728	758
1729	759
173	760
1730	761
1731	762
1732	763
1733	764
1734	765
1735	766
1736	767
1737	768
1739	769
174	770
1740	771
1741	772
1742	773
1743	774
1744	775
1745	776
1746	777
1747	778
1749	779
175	780
1750	781
1751	782
1753	783
1754	784
1755	785
1756	786
1757	787
1758	788
1759	789
176	790
1760	791
1761	792
1762	793
1763	794
1764	795
1765	796
1766	797
1767	798
1768	799
177	800
1770	801
1771	802
1773	803
1776	804
1777	805
1779	806
178	807
1780	808
1781	809
1782	810
1783	811
1784	812
1785	813
1786	814
1787	815
1788	816
1789	817
179	818
1790	819
1791	820
1792	821
1793	822
1794	823
1795	824
1796	825
1798	826
1799	827
18	828
180	829
1800	830
1802	831
1803	832
1804	833
1805	834
1806	835
1807	836
1808	837
1809	838
181	839
1810	840
1811	841
1812	842
1813	843
1814	844
1816	845
1817	846
1818	847
1819	848
182	849
1820	850
1821	851
1822	852
1823	853
1824	854
1826	855
1827	856
1828	857
1829	858
183	859
1830	860
1831	861
1832	862
1833	863
1835	864
1836	865
1837	866
1838	867
1839	868
184	869
1840	870
1842	871
1844	872
1845	873
1846	874
185	875
1850	876
1851	877
1852	878
1853	879
1854	880
1855	881
1856	882
1857	883
1858	884
186	885
1860	886
1861	887
1862	888
1864	889
1865	890
1866	891
1867	892
1868	893
1869	894
187	895
1870	896
1871	897
1872	898
1873	899
1875	900
1877	901
1878	902
188	903
1881	904
1882	905
1885	906
1886	907
1887	908
1888	909
189	910
1891	911
1894	912
1895	913
1896	914
1897	915
1899	916
19	917
190	918
1900	919
1902	920
1903	921
1904	922
1905	923
1906	924
1907	925
1908	926
1909	927
191	928
1910	929
1911	930
1912	931
1913	932
1914	933
1915	934
1916	935
1917	936
192	937
1921	938
1922	939
1923	940
1924	941
1925	942
1926	943
1927	944
1928	945
1929	946
193	947
1930	948
1931	949
1932	950
1933	951
1934	952
1935	953
1936	954
1937	955
1938	956
1939	957
194	958
1940	959
1941	960
1942	961
1943	962
1944	963
1945	964
1946	965
1948	966
1949	967
1950	968
1951	969
1952	970
1953	971
1954	972
1955	973
1956	974
1957	975
1958	976
1959	977
196	978
1960	979
1961	980
1962	981
1963	982
1964	983
1965	984
1966	985
1967	986
1968	987
1969	988
197	989
1970	990
1971	991
1972	992
1973	993
1974	994
1975	995
1976	996
1977	997
1978	998
1979	999
198	1000
1980	1001
1981	1002
1982	1003
1983	1004
1984	1005
1985	1006
1986	1007
1987	1008
199	1009
1990	1010
1991	1011
1992	1012
1993	1013
1994	1014
1995	1015
1996	1016
1997	1017
1998	1018
1999	1019
2	1020
20	1021
200	1022
2000	1023
2001	1024
2003	1025
2004	1026
2005	1027
2008	1028
2009	1029
2010	1030
2011	1031
2012	1032
2013	1033
2014	1034
2015	1035
2016	1036
2019	1037
202	1038
2020	1039
2021	1040
2022	1041
2023	1042
2024	1043
2025	1044
2026	1045
2027	1046
2028	1047
2029	1048
203	1049
2030	1050
2031	1051
2032	1052
2033	1053
2034	1054
2037	1055
2038	1056
2039	1057
204	1058
2040	1059
2041	1060
2042	1061
2043	1062
2044	1063
2045	1064
2046	1065
2047	1066
2048	1067
2049	1068
205	1069
2050	1070
2051	1071
2052	1072
2054	1073
2055	1074
2056	1075
2057	1076
2058	1077
2059	1078
2061	1079
2062	1080
2063	1081
2065	1082
2066	1083
2067	1084
2068	1085
2069	1086
207	1087
2071	1088
2072	1089
2073	1090
2074	1091
2075	1092
2076	1093
2077	1094
2079	1095
208	1096
2080	1097
2081	1098
2082	1099
2083	1100
2084	1101
2085	1102
2086	1103
2087	1104
2088	1105
2089	1106
209	1107
2090	1108
2091	1109
2094	1110
2095	1111
2096	1112
2097	1113
2098	1114
2099	1115
21	1116
210	1117
2100	1118
2101	1119
2104	1120
2105	1121
2106	1122
2107	1123
2108	1124
2109	1125
211	1126
2110	1127
2111	1128
2112	1129
2113	1130
2114	1131
2115	1132
2116	1133
2117	1134
2118	1135
2119	1136
212	1137
2121	1138
2123	1139
2124	1140
2125	1141
2126	1142
2127	1143
2128	1144
213	1145
2130	1146
2131	1147
2132	1148
2133	1149
2134	1150
2135	1151
2136	1152
2137	1153
2138	1154
214	1155
2140	1156
2141	1157
2142	1158
2145	1159
2146	1160
2148	1161
2149	1162
215	1163
2150	1164
2152	1165
2153	1166
2154	1167
2155	1168
2156	1169
2158	1170
2159	1171
216	1172
2160	1173
2162	1174
2163	1175
2164	1176
2165	1177
2166	1178
2167	1179
2168	1180
2169	1181
217	1182
2170	1183
2171	1184
2175	1185
2176	1186
2177	1187
2178	1188
2179	1189
218	1190
2180	1191
2181	1192
2182	1193
2184	1194
2185	1195
2186	1196
2187	1197
2188	1198
2189	1199
219	1200
2190	1201
2191	1202
2195	1203
2196	1204
2197	1205
2198	1206
2199	1207
22	1208
220	1209
2200	1210
2201	1211
2202	1212
2203	1213
2204	1214
2205	1215
2206	1216
2207	1217
2208	1218
2209	1219
221	1220
2210	1221
2211	1222
2212	1223
2213	1224
2214	1225
2215	1226
2216	1227
2217	1228
2218	1229
2219	1230
222	1231
2220	1232
2221	1233
2222	1234
2223	1235
2224	1236
2227	1237
2228	1238
2229	1239
223	1240
2230	1241
2231	1242
2232	1243
2233	1244
2234	1245
2235	1246
2236	1247
2237	1248
2239	1249
224	1250
2240	1251
2241	1252
2242	1253
2243	1254
2244	1255
2245	1256
2246	1257
2247	1258
2248	1259
2249	1260
225	1261
2250	1262
2251	1263
2252	1264
2253	1265
2254	1266
2255	1267
2256	1268
2257	1269
2259	1270
226	1271
2260	1272
2261	1273
2262	1274
2263	1275
2264	1276
2266	1277
2267	1278
227	1279
2270	1280
2271	1281
2273	1282
2274	1283
2276	1284
2278	1285
2279	1286
228	1287
2280	1288
2281	1289
2283	1290
2284	1291
2285	1292
2286	1293
2287	1294
2288	1295
2289	1296
229	1297
2290	1298
2292	1299
2293	1300
2294	1301
2295	1302
2296	1303
2297	1304
2298	1305
2299	1306
23	1307
230	1308
2300	1309
2301	1310
2302	1311
2303	1312
2304	1313
2305	1314
2306	1315
2308	1316
2309	1317
231	1318
2310	1319
2311	1320
2312	1321
2313	1322
2314	1323
2315	1324
2316	1325
2317	1326
2318	1327
2319	1328
232	1329
2321	1330
2324	1331
2325	1332
2327	1333
2329	1334
233	1335
2331	1336
2336	1337
2337	1338
2338	1339
2339	1340
234	1341
2340	1342
2341	1343
2342	1344
2343	1345
2345	1346
2346	1347
2347	1348
2348	1349
2349	1350
235	1351
2350	1352
2351	1353
2352	1354
2353	1355
2355	1356
2356	1357
2357	1358
2358	1359
2359	1360
236	1361
2360	1362
2361	1363
2362	1364
2363	1365
2365	1366
2366	1367
2367	1368
2368	1369
2369	1370
237	1371
2371	1372
2372	1373
2373	1374
2374	1375
2375	1376
2376	1377
2377	1378
2378	1379
2379	1380
238	1381
2380	1382
2381	1383
2382	1384
2383	1385
2384	1386
2387	1387
2389	1388
239	1389
2392	1390
2393	1391
2394	1392
2395	1393
2396	1394
2397	1395
2398	1396
2399	1397
24	1398
240	1399
2401	1400
2402	1401
2403	1402
2404	1403
2405	1404
2406	1405
2407	1406
2408	1407
2409	1408
241	1409
2410	1410
2411	1411
2414	1412
2415	1413
2416	1414
2417	1415
2418	1416
242	1417
2420	1418
2421	1419
2422	1420
2423	1421
2424	1422
2425	1423
2426	1424
2427	1425
2428	1426
2429	1427
243	1428
2430	1429
2431	1430
2432	1431
2433	1432
2434	1433
2435	1434
2436	1435
2437	1436
2438	1437
2439	1438
244	1439
2440	1440
2441	1441
2442	1442
2443	1443
2444	1444
2445	1445
2446	1446
2447	1447
2448	1448
2449	1449
245	1450
2450	1451
2451	1452
2452	1453
2453	1454
2454	1455
2455	1456
2456	1457
2457	1458
2458	1459
2459	1460
246	1461
2460	1462
2461	1463
2462	1464
2464	1465
2465	1466
2466	1467
2467	1468
2468	1469
2469	1470
247	1471
2470	1472
2471	1473
2472	1474
2473	1475
2474	1476
2476	1477
2477	1478
2478	1479
2479	1480
248	1481
2480	1482
2481	1483
2482	1484
2483	1485
2484	1486
2485	1487
2486	1488
2487	1489
2488	1490
2489	1491
249	1492
2492	1493
2493	1494
2494	1495
2495	1496
2496	1497
2497	1498
2498	1499
2499	1500
25	1501
250	1502
2500	1503
2501	1504
2502	1505
2503	1506
2505	1507
2506	1508
2507	1509
2508	1510
2509	1511
251	1512
2510	1513
2511	1514
2512	1515
2513	1516
2514	1517
2515	1518
2516	1519
2517	1520
2518	1521
2519	1522
252	1523
2520	1524
2522	1525
2523	1526
2524	1527
2526	1528
2527	1529
2528	1530
2529	1531
253	1532
2530	1533
2531	1534
2532	1535
2533	1536
2534	1537
2536	1538
2537	1539
2538	1540
2539	1541
254	1542
2540	1543
2542	1544
2543	1545
2544	1546
2545	1547
2546	1548
2548	1549
2549	1550
255	1551
2550	1552
2551	1553
2552	1554
2553	1555
2554	1556
2555	1557
2556	1558
2557	1559
2558	1560
2559	1561
256	1562
2560	1563
2561	1564
2562	1565
2563	1566
2564	1567
2565	1568
2566	1569
2567	1570
2568	1571
2569	1572
257	1573
2570	1574
2571	1575
2572	1576
2573	1577
2574	1578
2575	1579
2576	1580
2577	1581
2578	1582
2579	1583
258	1584
2580	1585
2581	1586
2582	1587
2583	1588
2584	1589
2585	1590
2586	1591
2587	1592
2588	1593
2589	1594
259	1595
2590	1596
2591	1597
2593	1598
2594	1599
2595	1600
2596	1601
2597	1602
2598	1603
2599	1604
26	1605
260	1606
2600	1607
2601	1608
2602	1609
2603	1610
2604	1611
2605	1612
2606	1613
2607	1614
2608	1615
2609	1616
261	1617
2610	1618
2611	1619
2612	1620
2613	1621
2614	1622
2615	1623
2616	1624
2618	1625
262	1626
2620	1627
2621	1628
2623	1629
2625	1630
2627	1631
2629	1632
263	1633
2630	1634
2631	1635
2633	1636
2634	1637
2635	1638
2636	1639
2638	1640
2639	1641
264	1642
2640	1643
2641	1644
2642	1645
2643	1646
2646	1647
2647	1648
2648	1649
2649	1650
265	1651
2650	1652
2651	1653
2652	1654
2653	1655
2654	1656
2655	1657
2656	1658
2657	1659
2658	1660
2659	1661
266	1662
2660	1663
2661	1664
2662	1665
2663	1666
2664	1667
2665	1668
2666	1669
2668	1670
2669	1671
267	1672
2670	1673
2671	1674
2672	1675
2673	1676
2674	1677
2675	1678
2677	1679
2678	1680
2679	1681
268	1682
2681	1683
2683	1684
2684	1685
2685	1686
2686	1687
2687	1688
2688	1689
2689	1690
269	1691
2690	1692
2691	1693
2692	1694
2693	1695
2694	1696
2695	1697
2696	1698
2697	1699
2699	1700
27	1701
270	1702
2700	1703
2701	1704
2702	1705
2703	1706
2704	1707
2705	1708
2706	1709
2707	1710
2708	1711
2709	1712
271	1713
2711	1714
2712	1715
2713	1716
2714	1717
2715	1718
2716	1719
2717	1720
2718	1721
2719	1722
272	1723
2720	1724
2721	1725
2722	1726
2723	1727
2724	1728
2725	1729
2726	1730
2727	1731
2728	1732
2729	1733
273	1734
2730	1735
2731	1736
2733	1737
2734	1738
2735	1739
2736	1740
2737	1741
2738	1742
2739	1743
274	1744
2740	1745
2741	1746
2742	1747
2743	1748
2744	1749
2745	1750
2746	1751
2747	1752
2748	1753
2749	1754
275	1755
2750	1756
2751	1757
2752	1758
2753	1759
2754	1760
2755	1761
2756	1762
2757	1763
2758	1764
2759	1765
276	1766
2760	1767
2761	1768
2762	1769
2763	1770
2764	1771
2765	1772
2766	1773
2767	1774
2768	1775
2769	1776
277	1777
2770	1778
2771	1779
2772	1780
2773	1781
2774	1782
2775	1783
2776	1784
2777	1785
2778	1786
2779	1787
278	1788
2780	1789
2781	1790
2782	1791
2783	1792
2784	1793
2785	1794
2786	1795
2787	1796
2788	1797
2789	1798
279	1799
2790	1800
2791	1801
2792	1802
2793	1803
2794	1804
2795	1805
2796	1806
2797	1807
2798	1808
2799	1809
28	1810
280	1811
2800	1812
2801	1813
2802	1814
2803	1815
2804	1816
2805	1817
2806	1818
2807	1819
2808	1820
2809	1821
281	1822
2810	1823
2811	1824
2812	1825
2813	1826
2815	1827
2816	1828
2817	1829
2819	1830
282	1831
2820	1832
2821	1833
2822	1834
2823	1835
2824	1836
2825	1837
2826	1838
2827	1839
2828	1840
2829	1841
283	1842
2832	1843
2833	1844
2834	1845
2835	1846
2836	1847
2837	1848
2838	1849
2839	1850
284	1851
2842	1852
2844	1853
2845	1854
2847	1855
2848	1856
285	1857
2850	1858
2851	1859
2852	1860
2854	1861
2855	1862
2856	1863
2857	1864
2858	1865
2859	1866
286	1867
2860	1868
2861	1869
2862	1870
2863	1871
2864	1872
2865	1873
2866	1874
2867	1875
2868	1876
2869	1877
287	1878
2870	1879
2871	1880
2872	1881
2873	1882
2874	1883
2875	1884
2877	1885
2878	1886
2879	1887
288	1888
2880	1889
2881	1890
2882	1891
2884	1892
2886	1893
2887	1894
2888	1895
2889	1896
289	1897
2890	1898
2892	1899
2894	1900
2896	1901
2897	1902
2899	1903
29	1904
290	1905
2900	1906
2901	1907
2902	1908
2903	1909
2904	1910
2905	1911
291	1912
2910	1913
2911	1914
2912	1915
2913	1916
2914	1917
2915	1918
2916	1919
2917	1920
2918	1921
2919	1922
292	1923
2920	1924
2921	1925
2922	1926
2923	1927
2924	1928
2926	1929
2928	1930
2929	1931
293	1932
2930	1933
2931	1934
2932	1935
2933	1936
2934	1937
2935	1938
2937	1939
2938	1940
2939	1941
294	1942
2940	1943
2941	1944
2942	1945
2943	1946
2944	1947
2946	1948
2947	1949
2948	1950
2949	1951
295	1952
2950	1953
2951	1954
2952	1955
2953	1956
2954	1957
2955	1958
2956	1959
2957	1960
2958	1961
2959	1962
296	1963
2960	1964
2961	1965
2963	1966
2964	1967
2965	1968
2966	1969
2967	1970
2969	1971
297	1972
2970	1973
2971	1974
2973	1975
2974	1976
2975	1977
2976	1978
2977	1979
2978	1980
2979	1981
298	1982
2980	1983
2981	1984
2982	1985
2983	1986
2984	1987
2986	1988
2988	1989
2989	1990
299	1991
2995	1992
2996	1993
2997	1994
2998	1995
2999	1996
3	1997
30	1998
300	1999
3000	2000
3002	2001
3003	2002
3004	2003
3005	2004
3006	2005
3007	2006
3008	2007
3009	2008
301	2009
3010	2010
302	2011
303	2012
304	2013
305	2014
306	2015
307	2016
308	2017
309	2018
31	2019
310	2020
311	2021
312	2022
313	2023
314	2024
315	2025
316	2026
317	2027
318	2028
319	2029
32	2030
320	2031
321	2032
322	2033
323	2034
324	2035
325	2036
326	2037
327	2038
328	2039
329	2040
33	2041
330	2042
331	2043
332	2044
333	2045
334	2046
335	2047
336	2048
337	2049
338	2050
339	2051
34	2052
340	2053
341	2054
342	2055
343	2056
344	2057
345	2058
346	2059
347	2060
348	2061
349	2062
35	2063
350	2064
351	2065
352	2066
353	2067
354	2068
355	2069
356	2070
357	2071
358	2072
36	2073
360	2074
361	2075
362	2076
363	2077
365	2078
366	2079
367	2080
368	2081
369	2082
37	2083
370	2084
371	2085
372	2086
373	2087
374	2088
375	2089
376	2090
378	2091
379	2092
38	2093
380	2094
381	2095
382	2096
383	2097
384	2098
385	2099
386	2100
387	2101
388	2102
389	2103
39	2104
390	2105
391	2106
393	2107
394	2108
395	2109
396	2110
397	2111
398	2112
399	2113
4	2114
40	2115
400	2116
401	2117
402	2118
405	2119
407	2120
408	2121
409	2122
41	2123
410	2124
411	2125
412	2126
413	2127
414	2128
415	2129
416	2130
417	2131
418	2132
419	2133
42	2134
420	2135
421	2136
422	2137
423	2138
424	2139
425	2140
426	2141
427	2142
428	2143
429	2144
43	2145
430	2146
431	2147
432	2148
433	2149
434	2150
435	2151
436	2152
437	2153
438	2154
439	2155
44	2156
440	2157
441	2158
442	2159
443	2160
444	2161
445	2162
446	2163
447	2164
448	2165
449	2166
45	2167
450	2168
451	2169
452	2170
453	2171
454	2172
455	2173
456	2174
457	2175
458	2176
459	2177
46	2178
460	2179
461	2180
462	2181
463	2182
464	2183
465	2184
466	2185
467	2186
468	2187
469	2188
47	2189
470	2190
471	2191
472	2192
473	2193
474	2194
475	2195
476	2196
477	2197
478	2198
479	2199
48	2200
480	2201
481	2202
482	2203
483	2204
484	2205
485	2206
486	2207
487	2208
488	2209
489	2210
49	2211
491	2212
492	2213
493	2214
494	2215
495	2216
497	2217
498	2218
499	2219
5	2220
50	2221
500	2222
501	2223
502	2224
503	2225
504	2226
505	2227
506	2228
507	2229
508	2230
509	2231
51	2232
510	2233
511	2234
512	2235
513	2236
514	2237
515	2238
517	2239
518	2240
519	2241
52	2242
520	2243
521	2244
522	2245
523	2246
524	2247
525	2248
526	2249
527	2250
528	2251
529	2252
53	2253
530	2254
531	2255
532	2256
533	2257
534	2258
535	2259
537	2260
538	2261
539	2262
54	2263
540	2264
541	2265
542	2266
543	2267
544	2268
545	2269
548	2270
549	2271
55	2272
550	2273
551	2274
552	2275
553	2276
554	2277
555	2278
556	2279
557	2280
558	2281
559	2282
56	2283
560	2284
561	2285
562	2286
563	2287
564	2288
565	2289
566	2290
568	2291
569	2292
57	2293
570	2294
571	2295
572	2296
574	2297
575	2298
576	2299
577	2300
578	2301
58	2302
580	2303
582	2304
583	2305
584	2306
586	2307
587	2308
588	2309
589	2310
59	2311
590	2312
591	2313
592	2314
593	2315
594	2316
595	2317
596	2318
597	2319
598	2320
599	2321
6	2322
60	2323
600	2324
601	2325
602	2326
603	2327
604	2328
605	2329
606	2330
607	2331
608	2332
609	2333
61	2334
610	2335
611	2336
612	2337
613	2338
614	2339
615	2340
616	2341
617	2342
618	2343
619	2344
62	2345
620	2346
621	2347
622	2348
623	2349
624	2350
625	2351
626	2352
627	2353
628	2354
629	2355
63	2356
630	2357
631	2358
632	2359
633	2360
634	2361
635	2362
636	2363
637	2364
638	2365
639	2366
64	2367
640	2368
641	2369
642	2370
643	2371
644	2372
646	2373
647	2374
648	2375
649	2376
65	2377
650	2378
651	2379
652	2380
653	2381
654	2382
655	2383
656	2384
657	2385
658	2386
659	2387
66	2388
660	2389
661	2390
662	2391
663	2392
664	2393
665	2394
666	2395
667	2396
668	2397
669	2398
67	2399
670	2400
671	2401
672	2402
673	2403
674	2404
675	2405
676	2406
677	2407
678	2408
68	2409
680	2410
681	2411
682	2412
683	2413
685	2414
686	2415
687	2416
688	2417
689	2418
69	2419
690	2420
691	2421
692	2422
693	2423
694	2424
695	2425
696	2426
697	2427
698	2428
699	2429
7	2430
70	2431
700	2432
701	2433
702	2434
703	2435
704	2436
705	2437
706	2438
707	2439
708	2440
709	2441
71	2442
710	2443
711	2444
712	2445
713	2446
714	2447
715	2448
716	2449
717	2450
718	2451
719	2452
72	2453
720	2454
721	2455
722	2456
723	2457
725	2458
726	2459
727	2460
728	2461
729	2462
73	2463
730	2464
731	2465
732	2466
733	2467
734	2468
735	2469
736	2470
737	2471
738	2472
739	2473
74	2474
740	2475
741	2476
742	2477
743	2478
744	2479
745	2480
746	2481
747	2482
748	2483
749	2484
75	2485
750	2486
751	2487
752	2488
753	2489
754	2490
755	2491
756	2492
757	2493
758	2494
76	2495
761	2496
762	2497
763	2498
764	2499
765	2500
766	2501
767	2502
768	2503
769	2504
77	2505
770	2506
771	2507
772	2508
773	2509
774	2510
775	2511
776	2512
777	2513
778	2514
779	2515
78	2516
780	2517
781	2518
782	2519
783	2520
784	2521
785	2522
786	2523
787	2524
788	2525
789	2526
79	2527
790	2528
791	2529
792	2530
793	2531
794	2532
795	2533
796	2534
797	2535
798	2536
799	2537
8	2538
80	2539
800	2540
801	2541
802	2542
804	2543
805	2544
806	2545
807	2546
808	2547
809	2548
81	2549
811	2550
812	2551
813	2552
814	2553
815	2554
816	2555
817	2556
818	2557
82	2558
821	2559
822	2560
823	2561
824	2562
825	2563
826	2564
827	2565
828	2566
829	2567
83	2568
830	2569
831	2570
832	2571
833	2572
834	2573
835	2574
836	2575
837	2576
838	2577
839	2578
84	2579
840	2580
841	2581
842	2582
843	2583
844	2584
845	2585
846	2586
847	2587
848	2588
849	2589
85	2590
850	2591
851	2592
852	2593
853	2594
854	2595
856	2596
857	2597
858	2598
859	2599
86	2600
860	2601
861	2602
863	2603
864	2604
865	2605
866	2606
867	2607
868	2608
869	2609
87	2610
870	2611
871	2612
872	2613
874	2614
875	2615
877	2616
878	2617
879	2618
88	2619
880	2620
881	2621
882	2622
883	2623
884	2624
886	2625
887	2626
888	2627
889	2628
89	2629
890	2630
891	2631
892	2632
893	2633
894	2634
895	2635
896	2636
897	2637
898	2638
899	2639
9	2640
90	2641
900	2642
901	2643
902	2644
903	2645
904	2646
905	2647
906	2648
907	2649
908	2650
909	2651
91	2652
910	2653
911	2654
912	2655
914	2656
915	2657
916	2658
917	2659
918	2660
919	2661
92	2662
920	2663
921	2664
922	2665
923	2666
924	2667
925	2668
926	2669
927	2670
928	2671
929	2672
93	2673
930	2674
931	2675
932	2676
933	2677
934	2678
935	2679
936	2680
937	2681
938	2682
939	2683
94	2684
940	2685
941	2686
942	2687
943	2688
944	2689
945	2690
946	2691
947	2692
948	2693
949	2694
95	2695
950	2696
951	2697
952	2698
954	2699
955	2700
956	2701
957	2702
958	2703
959	2704
96	2705
960	2706
961	2707
962	2708
963	2709
964	2710
965	2711
966	2712
967	2713
968	2714
969	2715
97	2716
971	2717
972	2718
973	2719
974	2720
975	2721
976	2722
977	2723
978	2724
979	2725
98	2726
980	2727
982	2728
984	2729
985	2730
986	2731
987	2732
988	2733
989	2734
99	2735
991	2736
992	2737
993	2738
994	2739
995	2740
996	2741
997	2742
998	2743
999	2744
